2 -75.272168 -0.164939 -0.165371 
3 -75.293549 -0.193481 -0.189724 
4 -75.299480 -0.203766 -0.197946 
2 -75.297360 -0.165633 -0.165772 
3 -75.317919 -0.194006 -0.189917 
4 -75.323733 -0.204262 -0.198107 
2 -75.318567 -0.166348 -0.166197 
3 -75.338422 -0.194559 -0.190139 
4 -75.344124 -0.204786 -0.198297 
2 -75.336294 -0.167085 -0.166646 
3 -75.355542 -0.195138 -0.190390 
4 -75.361137 -0.205337 -0.198516 
2 -75.350979 -0.167842 -0.167122 
3 -75.369705 -0.195744 -0.190671 
4 -75.375196 -0.205913 -0.198763 
2 -75.363004 -0.168620 -0.167626 
3 -75.381279 -0.196372 -0.190983 
4 -75.386672 -0.206512 -0.199040 
2 -75.372702 -0.169416 -0.168156 
3 -75.390588 -0.197023 -0.191326 
4 -75.395888 -0.207132 -0.199347 
2 -75.380366 -0.170229 -0.168715 
3 -75.397916 -0.197693 -0.191699 
4 -75.403128 -0.207770 -0.199683 
2 -75.386253 -0.171057 -0.169301 
3 -75.403512 -0.198379 -0.192102 
4 -75.408641 -0.208423 -0.200048 
2 -75.390586 -0.171896 -0.169914 
3 -75.407595 -0.199078 -0.192535 
4 -75.412646 -0.209089 -0.200441 
2 -75.393563 -0.172744 -0.170553 
3 -75.410357 -0.199787 -0.192996 
4 -75.415337 -0.209763 -0.200861 
2 -75.395360 -0.173597 -0.171217 
3 -75.411969 -0.200501 -0.193484 
4 -75.416882 -0.210441 -0.201308 
2 -75.396130 -0.174450 -0.171903 
3 -75.412580 -0.201216 -0.193998 
4 -75.417432 -0.211119 -0.201779 
2 -75.396010 -0.175298 -0.172611 
3 -75.412322 -0.201928 -0.194536 
4 -75.417118 -0.211794 -0.202274 
2 -75.395119 -0.176137 -0.173337 
3 -75.411313 -0.202631 -0.195096 
4 -75.416057 -0.212459 -0.202791 
2 -75.393564 -0.176962 -0.174081 
3 -75.409656 -0.203321 -0.195676 
4 -75.414352 -0.213110 -0.203328 
2 -75.391439 -0.177767 -0.174838 
3 -75.407442 -0.203992 -0.196274 
4 -75.412094 -0.213742 -0.203882 
2 -75.388829 -0.178546 -0.175608 
3 -75.404752 -0.204639 -0.196888 
4 -75.409364 -0.214350 -0.204453 
2 -75.385806 -0.179295 -0.176388 
3 -75.401657 -0.205256 -0.197515 
4 -75.406233 -0.214928 -0.205037 
2 -75.382435 -0.180008 -0.177174 
3 -75.398221 -0.205839 -0.198153 
4 -75.402764 -0.215471 -0.205633 
2 -75.378776 -0.180678 -0.177964 
3 -75.394500 -0.206382 -0.198800 
4 -75.399014 -0.215974 -0.206238 
2 -75.374878 -0.181301 -0.178756 
3 -75.390544 -0.206879 -0.199453 
4 -75.395033 -0.216431 -0.206849 
2 -75.370787 -0.181872 -0.179546 
3 -75.386397 -0.207326 -0.200109 
4 -75.390863 -0.216838 -0.207464 
2 -75.366542 -0.182387 -0.180333 
3 -75.382098 -0.207718 -0.200766 
4 -75.386545 -0.217189 -0.208081 
2 -75.362179 -0.182839 -0.181114 
3 -75.377682 -0.208051 -0.201422 
4 -75.382113 -0.217480 -0.208697 
2 -75.357727 -0.183227 -0.181887 
3 -75.373179 -0.208320 -0.202075 
4 -75.377596 -0.217707 -0.209309 
