2 -75.269446 -0.096728 -0.107075 
3 -75.291413 -0.120437 -0.129454 
4 -75.297408 -0.128559 -0.136203 
2 -75.295188 -0.097142 -0.107355 
3 -75.316329 -0.120680 -0.129542 
4 -75.322231 -0.128772 -0.136241 
2 -75.316943 -0.097568 -0.107653 
3 -75.337384 -0.120938 -0.129633 
4 -75.343208 -0.128948 -0.136273 
2 -75.335211 -0.098009 -0.107974 
3 -75.355048 -0.121214 -0.129750 
4 -75.360752 -0.129248 -0.136388 
2 -75.350456 -0.098552 -0.108224 
3 -75.369743 -0.121510 -0.129895 
4 -75.375350 -0.129522 -0.136503 
2 -75.363052 -0.099031 -0.108545 
3 -75.381835 -0.121826 -0.130070 
4 -75.387353 -0.129806 -0.136643 
2 -75.373254 -0.099523 -0.108943 
3 -75.391645 -0.122164 -0.130276 
4 -75.397053 -0.130104 -0.136840 
2 -75.381355 -0.100017 -0.109418 
3 -75.399485 -0.122521 -0.130479 
4 -75.404780 -0.130429 -0.137043 
2 -75.387699 -0.100541 -0.109881 
3 -75.405541 -0.122902 -0.130749 
4 -75.410756 -0.130776 -0.137278 
2 -75.392520 -0.101090 -0.110322 
3 -75.410060 -0.123303 -0.131052 
4 -75.415198 -0.131142 -0.137546 
2 -75.395908 -0.101654 -0.110842 
3 -75.413229 -0.123725 -0.131390 
4 -75.418294 -0.131532 -0.137851 
2 -75.398079 -0.102257 -0.111408 
3 -75.415179 -0.124169 -0.131807 
4 -75.420217 -0.131927 -0.138186 
2 -75.399141 -0.102816 -0.112035 
3 -75.416131 -0.124629 -0.132217 
4 -75.421108 -0.132346 -0.138557 
2 -75.399375 -0.103442 -0.112601 
3 -75.416179 -0.125107 -0.132661 
4 -75.421099 -0.132786 -0.138961 
2 -75.398707 -0.104075 -0.113312 
3 -75.415435 -0.125600 -0.133141 
4 -75.420303 -0.133244 -0.139400 
2 -75.397421 -0.104728 -0.113950 
3 -75.414086 -0.126014 -0.133545 
4 -75.418820 -0.133717 -0.139873 
2 -75.395417 -0.105331 -0.114706 
3 -75.411985 -0.126471 -0.134151 
4 -75.416741 -0.134205 -0.140380 
2 -75.393002 -0.106003 -0.115382 
3 -75.409440 -0.127038 -0.134733 
4 -75.414174 -0.134520 -0.140869 
2 -75.390066 -0.106671 -0.116153 
3 -75.406445 -0.127572 -0.135317 
4 -75.411181 -0.135046 -0.141378 
2 -75.386733 -0.107346 -0.116951 
3 -75.403073 -0.128156 -0.135931 
4 -75.407742 -0.135573 -0.141989 
2 -75.383061 -0.108027 -0.117778 
3 -75.399332 -0.128726 -0.136611 
4 -75.403962 -0.136013 -0.142666 
2 -75.379059 -0.108705 -0.118676 
3 -75.395301 -0.129306 -0.137322 
4 -75.399930 -0.136629 -0.143292 
2 -75.374888 -0.109410 -0.119508 
3 -75.391023 -0.129896 -0.138063 
4 -75.395627 -0.137195 -0.143997 
2 -75.370405 -0.110094 -0.120482 
3 -75.386484 -0.130463 -0.138887 
4 -75.391118 -0.137752 -0.144736 
2 -75.365812 -0.110794 -0.121411 
3 -75.381803 -0.131058 -0.139713 
4 -75.386128 -0.138671 -0.145765 
2 -75.361079 -0.111500 -0.122360 
3 -75.377005 -0.131710 -0.140561 
4 -75.381305 -0.139266 -0.146562 
