2 -75.363004 -0.232063 -0.232166 -0.239337 -75.379474 
3 -75.381279 -0.282069 -0.278450 -0.289717 -75.398070 
4 -75.386672 -0.300310 -0.294009 -0.306195 -75.403607 
2 -75.372702 -0.233198 -0.233113 -0.240379 -75.389901 
3 -75.390588 -0.283058 -0.279200 -0.290597 -75.408070 
4 -75.395888 -0.301256 -0.294708 -0.307032 -75.413512 
2 -75.380366 -0.234326 -0.234058 -0.241422 -75.398323 
3 -75.397916 -0.284053 -0.279962 -0.291492 -75.416122 
4 -75.403128 -0.302209 -0.295420 -0.307885 -75.421476 
2 -75.386253 -0.235446 -0.235003 -0.242467 -75.404998 
3 -75.403512 -0.285049 -0.280735 -0.292399 -75.422478 
4 -75.408641 -0.303165 -0.296144 -0.308750 -75.427748 
2 -75.390586 -0.236556 -0.235948 -0.243514 -75.410152 
3 -75.407595 -0.286044 -0.281516 -0.293317 -75.427357 
4 -75.412646 -0.304119 -0.296877 -0.309627 -75.432548 
2 -75.393563 -0.237654 -0.236891 -0.244562 -75.413985 
3 -75.410357 -0.287033 -0.282305 -0.294243 -75.430952 
4 -75.415337 -0.305067 -0.297617 -0.310512 -75.436069 
2 -75.395360 -0.238737 -0.237833 -0.245611 -75.416672 
3 -75.411969 -0.288010 -0.283099 -0.295175 -75.433436 
4 -75.416882 -0.306005 -0.298363 -0.311403 -75.438483 
2 -75.396130 -0.239801 -0.238774 -0.246659 -75.418368 
3 -75.412580 -0.288973 -0.283897 -0.296110 -75.434958 
4 -75.417432 -0.306926 -0.299112 -0.312297 -75.439939 
2 -75.396010 -0.240843 -0.239711 -0.247706 -75.419210 
3 -75.412322 -0.289915 -0.284695 -0.297047 -75.435651 
4 -75.417118 -0.307828 -0.299862 -0.313193 -75.440571 
2 -75.395119 -0.241859 -0.240644 -0.248750 -75.419318 
3 -75.411313 -0.290832 -0.285493 -0.297983 -75.435633 
4 -75.416057 -0.308706 -0.300613 -0.314089 -75.440494 
2 -75.393564 -0.242844 -0.241571 -0.249789 -75.418798 
3 -75.409656 -0.291719 -0.286288 -0.298916 -75.435005 
4 -75.414352 -0.309554 -0.301362 -0.314982 -75.439813 
2 -75.391439 -0.243795 -0.242492 -0.250821 -75.417746 
3 -75.407442 -0.292571 -0.287078 -0.299843 -75.433860 
4 -75.412094 -0.310368 -0.302107 -0.315871 -75.438617 
2 -75.388829 -0.244705 -0.243403 -0.251846 -75.416242 
3 -75.404752 -0.293383 -0.287862 -0.300763 -75.432276 
4 -75.409364 -0.311143 -0.302849 -0.316753 -75.436987 
2 -75.385806 -0.245572 -0.244305 -0.252861 -75.414360 
3 -75.401657 -0.294151 -0.288639 -0.301673 -75.430324 
4 -75.406233 -0.311875 -0.303584 -0.317628 -75.434993 
2 -75.382435 -0.246391 -0.245196 -0.253865 -75.412163 
3 -75.398221 -0.294869 -0.289406 -0.302571 -75.428066 
4 -75.402764 -0.312559 -0.304311 -0.318492 -75.432696 
2 -75.378776 -0.247157 -0.246073 -0.254856 -75.409708 
3 -75.394500 -0.295534 -0.290162 -0.303457 -75.425556 
4 -75.399014 -0.313191 -0.305030 -0.319346 -75.430151 
2 -75.374878 -0.247865 -0.246936 -0.255832 -75.407042 
3 -75.390544 -0.296141 -0.290906 -0.304329 -75.422840 
4 -75.395033 -0.313766 -0.305738 -0.320187 -75.427405 
2 -75.370787 -0.248511 -0.247783 -0.256793 -75.404209 
3 -75.386397 -0.296686 -0.291636 -0.305185 -75.419961 
4 -75.390863 -0.314280 -0.306435 -0.321013 -75.424499 
2 -75.366542 -0.249093 -0.248614 -0.257737 -75.401244 
3 -75.382098 -0.297165 -0.292353 -0.306025 -75.416954 
4 -75.386545 -0.314729 -0.307119 -0.321824 -75.421469 
2 -75.362179 -0.249605 -0.249426 -0.258663 -75.398181 
3 -75.377682 -0.297576 -0.293054 -0.306848 -75.413850 
4 -75.382113 -0.315109 -0.307789 -0.322619 -75.418345 
2 -75.357727 -0.250045 -0.250219 -0.259571 -75.395045 
3 -75.373179 -0.297914 -0.293738 -0.307652 -75.410676 
4 -75.377596 -0.315417 -0.308443 -0.323396 -75.415154 
