2 -75.363052 -0.156570 -0.173929 -0.176859 -75.380683 
3 -75.381835 -0.200530 -0.217607 -0.222793 -75.399806 
4 -75.387353 -0.216413 -0.231396 -0.237163 -75.405452 
2 -75.373254 -0.157379 -0.174790 -0.177770 -75.391601 
3 -75.391645 -0.201189 -0.218275 -0.223540 -75.410318 
4 -75.397053 -0.217013 -0.232043 -0.237887 -75.415882 
2 -75.381355 -0.158158 -0.175699 -0.178732 -75.400490 
3 -75.399485 -0.201865 -0.218923 -0.224272 -75.418852 
4 -75.404780 -0.217640 -0.232678 -0.238606 -75.424339 
2 -75.387699 -0.158955 -0.176569 -0.179655 -75.407603 
3 -75.405541 -0.202546 -0.219617 -0.225049 -75.425657 
4 -75.410756 -0.218279 -0.233327 -0.239341 -75.431069 
2 -75.392520 -0.159770 -0.177392 -0.180529 -75.413164 
3 -75.410060 -0.203237 -0.220326 -0.225842 -75.430950 
4 -75.415198 -0.218929 -0.233989 -0.240091 -75.436290 
2 -75.395908 -0.160578 -0.178266 -0.181462 -75.417367 
3 -75.413229 -0.203936 -0.221047 -0.226650 -75.434921 
4 -75.418294 -0.219592 -0.234668 -0.240860 -75.440193 
2 -75.398079 -0.161402 -0.179148 -0.182405 -75.420386 
3 -75.415179 -0.204640 -0.221825 -0.227512 -75.437739 
4 -75.420217 -0.220245 -0.235356 -0.241640 -75.442945 
2 -75.399141 -0.162173 -0.180090 -0.183409 -75.422373 
3 -75.416131 -0.205354 -0.222573 -0.228350 -75.439551 
4 -75.421108 -0.220915 -0.236058 -0.242435 -75.444695 
2 -75.399375 -0.163015 -0.180940 -0.184323 -75.423461 
3 -75.416179 -0.206075 -0.223333 -0.229203 -75.440488 
4 -75.421099 -0.221594 -0.236771 -0.243244 -75.445573 
2 -75.398707 -0.163814 -0.181887 -0.185338 -75.423770 
3 -75.415435 -0.206799 -0.224106 -0.230069 -75.440665 
4 -75.420303 -0.222280 -0.237496 -0.244068 -75.445695 
2 -75.397421 -0.164655 -0.182760 -0.186279 -75.423405 
3 -75.414086 -0.207445 -0.224777 -0.230852 -75.440184 
4 -75.418820 -0.222970 -0.238234 -0.244905 -75.445161 
2 -75.395417 -0.165420 -0.183748 -0.187336 -75.422459 
3 -75.411985 -0.208094 -0.225642 -0.231808 -75.439135 
4 -75.416741 -0.223665 -0.238984 -0.245758 -75.444062 
2 -75.393002 -0.166263 -0.184623 -0.188283 -75.421012 
3 -75.409440 -0.208854 -0.226430 -0.232699 -75.437596 
4 -75.414174 -0.224150 -0.239695 -0.246574 -75.442477 
2 -75.390066 -0.167080 -0.185568 -0.189304 -75.419140 
3 -75.406445 -0.209572 -0.227231 -0.233601 -75.435639 
4 -75.411181 -0.224863 -0.240419 -0.247404 -75.440478 
2 -75.386733 -0.167895 -0.186522 -0.190337 -75.416905 
3 -75.403073 -0.210332 -0.228024 -0.234500 -75.433326 
4 -75.407742 -0.225567 -0.241209 -0.248303 -75.438125 
2 -75.383061 -0.168707 -0.187487 -0.191382 -75.414364 
3 -75.399332 -0.211063 -0.228861 -0.235443 -75.430711 
4 -75.403962 -0.226121 -0.242043 -0.249227 -75.435474 
2 -75.379059 -0.169500 -0.188500 -0.192478 -75.411569 
3 -75.395301 -0.211794 -0.229711 -0.236401 -75.427844 
4 -75.399930 -0.226922 -0.242817 -0.250128 -75.432576 
2 -75.374888 -0.170338 -0.189444 -0.193511 -75.408563 
3 -75.391023 -0.212526 -0.230572 -0.237373 -75.424768 
4 -75.395627 -0.227641 -0.243647 -0.251074 -75.429473 
2 -75.370405 -0.171123 -0.190505 -0.194661 -75.405385 
3 -75.386484 -0.213221 -0.231499 -0.238410 -75.421523 
4 -75.391118 -0.228341 -0.244495 -0.252038 -75.426203 
2 -75.365812 -0.171935 -0.191510 -0.195760 -75.402071 
3 -75.381803 -0.213940 -0.232408 -0.239432 -75.418143 
4 -75.386128 -0.229554 -0.245592 -0.253315 -75.422802 
2 -75.361079 -0.172749 -0.192524 -0.196870 -75.398652 
3 -75.377005 -0.214715 -0.233295 -0.240441 -75.414659 
4 -75.381305 -0.230284 -0.246466 -0.254314 -75.419300 
