0.700000000000 -75.257963931262 -75.467810582284 
0.720000000000 -75.283528477254 -75.494429843410 
0.740000000000 -75.305054675661 -75.517003472815 
0.760000000000 -75.323049252382 -75.536038008796 
0.780000000000 -75.337954864734 -75.551976074633 
0.800000000000 -75.350158878165 -75.565205083579 
0.820000000000 -75.360000799819 -75.576064614222 
0.840000000000 -75.367778594026 -75.584852685357 
0.860000000000 -75.373754067009 -75.591831113607 
0.880000000000 -75.378157475898 -75.597230108599 
0.900000000000 -75.381191490032 -75.601252229180 
0.920000000000 -75.383034609835 -75.604075804618 
0.940000000000 -75.383844129543 -75.605857902033 
0.960000000000 -75.383758714238 -75.606736912596 
0.980000000000 -75.382900648954 -75.606834809972 
1.000000000000 -75.381377805780 -75.606259118880 
1.020000000000 -75.379285368878 -75.605104656708 
1.040000000000 -75.376707347252 -75.603455044986 
1.060000000000 -75.373717902468 -75.601384042065 
1.080000000000 -75.370382513270 -75.598956712868 
1.100000000000 -75.366758996094 -75.596230452915 
1.120000000000 -75.362898398301 -75.593255880389 
1.140000000000 -75.358845779226 -75.590077626877 
1.160000000000 -75.354640892385 -75.586735021033 
1.180000000000 -75.350318781396 -75.583262693282 
1.200000000000 -75.345910300567 -75.579691099236 
