0.700000000000 -75.255455012609 -75.411557568260 
0.720000000000 -75.281657917625 -75.438772485733 
0.740000000000 -75.303805354913 -75.461918705039 
0.760000000000 -75.322411986527 -75.481501122968 
0.780000000000 -75.337893858405 -75.497961031856 
0.800000000000 -75.350645987770 -75.511685039087 
0.820000000000 -75.361013952796 -75.523010448804 
0.840000000000 -75.369289608634 -75.532234141256 
0.860000000000 -75.375728904582 -75.539618173361 
0.880000000000 -75.380562413992 -75.545391359326 
0.900000000000 -75.383990301817 -75.549755546988 
0.920000000000 -75.386188618892 -75.552888463901 
0.940000000000 -75.387312523271 -75.554946684174 
0.960000000000 -75.387498641917 -75.556068215536 
0.980000000000 -75.386866983053 -75.556374762043 
1.000000000000 -75.385522909185 -75.555974409865 
1.020000000000 -75.383562046299 -75.554960554427 
1.040000000000 -75.381036129052 -75.553416823877 
1.060000000000 -75.377287892498 -75.551418070219 
1.080000000000 -75.373928734203 -75.549030677283 
1.100000000000 -75.370225108877 -75.546311799344 
1.120000000000 -75.367031565512 -75.543313780156 
1.140000000000 -75.361972874880 -75.540079468835 
1.160000000000 -75.357504744555 -75.536652137584 
1.180000000000 -75.352856642697 -75.533066849747 
1.200000000000 -75.348883299881 -75.529356485500 
