-75.3888037
-75.3888037
-75.3888037
-75.3888037
-75.3888037
-75.3888037
-75.3888037
-75.3888037
-75.3888037
-75.3888037
-75.3888037
-75.3888037
-75.2846710
-75.2846710
-75.2846710
-75.2846710
-75.2846710
-75.2846710
-75.2846710
-75.2846710
-75.2846710
-75.2846710
-75.2846710
-75.2846710
-75.4055962
-75.4055962
-75.4055962
-75.4055962
-75.4055962
-75.4055962
-75.4055962
-75.4055962
-75.4055962
-75.4055962
-75.4055962
-75.4055962
-75.3954938
-75.3954938
-75.3954938
-75.3954938
-75.3954938
-75.3954938
-75.3954938
-75.3954938
-75.3954938
-75.3954938
-75.3954938
-75.3954938
-75.4070862
-75.4070862
-75.4070862
-75.4070862
-75.4070862
-75.4070862
-75.4070862
-75.4070862
-75.4070862
-75.4070862
-75.4070862
-75.4070862
-75.4068334
-75.4068334
-75.4068334
-75.4068334
-75.4068334
-75.4068334
-75.4068334
-75.4068334
-75.4068334
-75.4068334
-75.4068334
-75.4068334
-75.4072176
-75.4072176
-75.4072176
-75.4072176
-75.4072176
-75.4072176
-75.4072176
-75.4072176
-75.4072176
-75.4072176
-75.4072176
-75.4072176
-75.4071831
-75.4071831
-75.4071831
-75.4071831
-75.4071831
-75.4071831
-75.4071831
-75.4071831
-75.4071831
-75.4071831
-75.4071831
-75.4071831
-75.4072671
-75.4072671
-75.4072671
-75.4072671
-75.4072671
-75.4072671
-75.4072671
-75.4072671
-75.4072671
-75.4072671
-75.4072671
-75.4072671
-75.4072640
-75.4072640
-75.4072640
-75.4072640
-75.4072640
-75.4072640
-75.4072640
-75.4072640
-75.4072640
-75.4072640
-75.4072640
-75.4072640
-75.4072694
-75.4072694
-75.4072694
-75.4072694
-75.4072694
-75.4072694
-75.4072694
-75.4072694
-75.4072694
-75.4072694
-75.4072694
-75.4072694
-75.4072689
-75.4072689
-75.4072689
-75.4072689
-75.4072689
-75.4072689
-75.4072689
-75.4072689
-75.4072689
-75.4072689
-75.4072689
-75.4072689
-75.4072696
-75.4072696
-75.4072696
-75.4072696
-75.4072696
-75.4072696
-75.4072696
-75.4072696
-75.4072696
-75.4072696
-75.4072696
-75.4072696
-75.4072694
-75.4072694
-75.4072694
-75.4072694
-75.4072694
-75.4072694
-75.4072694
-75.4072694
-75.4072694
-75.4072694
-75.4072694
-75.4072694
-75.4072696
-75.4072696
-75.4072696
-75.4072696
-75.4072696
-75.4072696
-75.4072696
-75.4072696
-75.4072696
-75.4072696
-75.4072696
-75.4072696
-75.4072696
-75.4072696
-75.4072696
-75.4072696
-75.4072696
-75.4072696
-75.4072696
-75.4072696
-75.4072696
-75.4072696
-75.4072696
-75.4072696
-75.4072696
-75.4072696
-75.4072696
-75.4072696
-75.4072696
-75.4072696
-75.4072696
-75.4072696
-75.4072696
-75.4072696
-75.4072696
-75.4072696
-75.4072696
-75.4072696
-75.4072696
-75.4072696
-75.4072696
-75.4072696
-75.4072696
-75.4072696
-75.4072696
-75.4072696
-75.4072696
-75.4072696
-75.4072696
-75.4072696
-75.4072696
-75.4072696
-75.4072696
-75.4072696
-75.4072696
-75.4072696
-75.4072696
-75.4072696
-75.4072696
-75.4072696
