3.380284203430111933e+00
3.983802799768462410e+00
4.362961069301315220e+00
4.700954757695298802e+00
4.695075261251270504e+00
1.159816549352396198e+00
3.969830333295412572e+00
2.957095441895994270e+00
3.239385669591514083e-01
2.829297658340467425e+00
3.003986956852291001e+00
5.807671030479879093e+00
4.952139777316450164e+00
3.995824481382080240e+00
4.911463736553404402e+00
6.278344181883252162e+00
1.921468252373090616e-02
5.389310706945351637e-01
7.515266384660248544e-01
9.758208871435316567e-01
3.521093364618848032e+00
3.859061107330089335e+00
1.978849525433918011e+00
2.965129229203422589e+00
5.084629683085852392e+00
5.804956069067469748e+00
4.510780594135995969e+00
2.024668612804411683e-01
4.418289266948949745e+00
4.511696164038617063e+00
3.985116747432688289e+00
4.925347590019037547e+00
4.448344029192118576e+00
3.661208476189967698e+00
4.021103330696669254e+00
8.110876746130277759e-01
